63.818
67.4806
67.7026
65.7048
66.2597
66.2597
68.1465
65.5938
67.5916
65.8158
65.3718
66.4817
63.596
66.3707
67.7026
66.7037
67.7026
66.4817
63.818
62.8191
65.0388
66.8147
65.5938
64.9279
64.5949
64.7059
65.8158
65.7048
65.9267
65.3718
65.5938
65.2608
63.374
65.9267
69.8113
66.1487
63.596
63.1521
64.5949
65.2608
66.5927
67.3696
66.8147
66.3707
64.2619
64.3729
65.9267
64.4839
66.0377
66.7037
65.5938
65.2608
69.0344
65.3718
64.7059
66.4817
67.2586
65.0388
66.4817
66.1487
66.1487
65.7048
67.8135
66.3707
69.9223
67.4806
65.0388
66.5927
68.1465
65.1498
67.3696
64.2619
68.0355
67.1476
66.8147
65.1498
67.1476
66.7037
63.818
66.4817
64.4839
67.9245
65.2608
67.3696
66.0377
63.596
69.1454
64.5949
68.1465
65.5938
65.1498
63.818
67.2586
65.9267
66.3707
67.5916
65.8158
64.3729
65.3718
65.9267
